<!DOCTYPE html>
<html>
<head>
<meta charset="utf-8"/>
<script src="lib/htmlwidgets-1.3/htmlwidgets.js"></script>
<script src="lib/jquery-1.12.4/jquery.min.js"></script>
<link href="lib/datatables-css-0.0.0/datatables-crosstalk.css" rel="stylesheet" />
<script src="lib/datatables-binding-0.12/datatables.js"></script>
<link href="lib/dt-core-1.10.20/css/jquery.dataTables.min.css" rel="stylesheet" />
<link href="lib/dt-core-1.10.20/css/jquery.dataTables.extra.css" rel="stylesheet" />
<script src="lib/dt-core-1.10.20/js/jquery.dataTables.min.js"></script>
<link href="lib/crosstalk-1.0.0/css/crosstalk.css" rel="stylesheet" />
<script src="lib/crosstalk-1.0.0/js/crosstalk.min.js"></script>

</head>
<body style="background-color:white;">
<!-- htmlwidget-container-begin -->
<div id="htmlwidget-dd7fa9f42574a7fdc972" style="width:100%;height:auto;" class="datatables html-widget"></div>
<!-- htmlwidget-container-end -->
<script type="application/json" data-for="htmlwidget-dd7fa9f42574a7fdc972">{"x":{"filter":"none","data":[["TARGET_WINS","BATTING_H","BATTING_2B","BATTING_3B","BATTING_HR","BATTING_BB","BATTING_SO","BASERUN_SB","BASERUN_CS","BATTING_HBP","PITCHING_H","PITCHING_HR","PITCHING_BB","PITCHING_SO","FIELDING_E","FIELDING_DP"],[1,0.469946650195572,0.312983997280004,-0.124345862964454,0.422416834117253,0.46868792650956,-0.228892727179823,0.014836392442652,-0.178755979245533,0.0735042423086367,0.471234306386603,0.422466829910362,0.468398817921509,-0.229364807443985,-0.38668800441918,-0.195866006470866],[0.469946650195572,1,0.561772855536591,0.213918834444827,0.396275927326416,0.197352343885384,-0.341743283600818,0.0716749520962244,-0.093775445091233,-0.029112175684042,0.99919269234311,0.394956298700172,0.195290710544474,-0.344450005208324,-0.253816375660435,0.0177694564092798],[0.312983997280004,0.561772855536591,1,0.0420344070268067,0.250990454027817,0.197492562030794,-0.0641512258250527,-0.187682787958738,-0.204138837073558,0.046084753143314,0.56045354847602,0.249998747553797,0.195921565513306,-0.0661661537512398,-0.194270273091531,-0.0248880814856196],[-0.124345862964454,0.213918834444827,0.0420344070268067,1,-0.21879927259709,-0.205843921730807,-0.192918409979567,0.169460861525657,0.232139777238505,-0.174247153838812,0.212503220228309,-0.219732634585348,-0.206753828035744,-0.193866539346945,-0.0651314505185477,0.133147578454026],[0.422416834117253,0.396275927326416,0.250990454027817,-0.21879927259709,1,0.45638161304111,0.210454439156417,-0.190218931518434,-0.275798375425212,0.10618116006506,0.395493896422292,0.999932586464182,0.455424675903605,0.208295737583337,0.0156739746858487,-0.0618222186945481],[0.46868792650956,0.197352343885384,0.197492562030794,-0.205843921730807,0.45638161304111,1,0.218338710909898,-0.0880612337283994,-0.208780509828045,0.0474600667564786,0.19848686711087,0.456592825864783,0.999881395126833,0.217932529917855,-0.0784712614857361,-0.0792907752389707],[-0.228892727179823,-0.341743283600818,-0.0641512258250527,-0.192918409979567,0.210454439156417,0.218338710909898,1,-0.0747597360691117,-0.0561303548530689,0.220942194261665,-0.341453205593245,0.211116173816555,0.218957832493308,0.999768352626016,0.30814540314676,-0.123190715333224],[0.014836392442652,0.0716749520962244,-0.187682787958738,0.169460861525657,-0.190218931518434,-0.0880612337283994,-0.0747597360691117,1,0.624737807561251,-0.064004981618153,0.0739537311509114,-0.189480573217968,-0.0874190190869081,-0.0735132452545342,0.0429234095279743,-0.130230537221142],[-0.178755979245533,-0.093775445091233,-0.204138837073558,0.232139777238505,-0.275798375425212,-0.208780509828045,-0.0561303548530689,0.624737807561251,1,-0.0705138957544245,-0.0929778928838545,-0.275471495304311,-0.208470153567062,-0.0553083364439619,0.207701188904909,-0.0067642330423307],[0.0735042423086367,-0.029112175684042,0.046084753143314,-0.174247153838812,0.10618116006506,0.0474600667564786,0.220942194261665,-0.064004981618153,-0.0705138957544245,1,-0.0276969948986031,0.106758779766898,0.0478513710439057,0.221573754128533,0.0417897122711344,-0.0712082411629195],[0.471234306386603,0.99919269234311,0.56045354847602,0.212503220228309,0.395493896422292,0.19848686711087,-0.341453205593245,0.0739537311509114,-0.0929778928838545,-0.0276969948986031,1,0.394631988828327,0.197033020768829,-0.343306459941857,-0.250730276520418,0.0141680726626803],[0.422466829910362,0.394956298700172,0.249998747553797,-0.219732634585348,0.999932586464182,0.456592825864783,0.211116173816555,-0.189480573217968,-0.275471495304311,0.106758779766898,0.394631988828327,1,0.455809830333648,0.209201152555724,0.0168932989230948,-0.0629247505379093],[0.468398817921509,0.195290710544474,0.195921565513306,-0.206753828035744,0.455424675903605,0.999881395126833,0.218957832493308,-0.0874190190869081,-0.208470153567062,0.0478513710439057,0.197033020768829,0.455809830333648,1,0.218877004005775,-0.0769231515600856,-0.0804064521887884],[-0.229364807443985,-0.344450005208324,-0.0661661537512398,-0.193866539346945,0.208295737583337,0.217932529917855,0.999768352626016,-0.0735132452545342,-0.0553083364439619,0.221573754128533,-0.343306459941857,0.209201152555724,0.218877004005775,1,0.310084068731232,-0.124923212688301],[-0.38668800441918,-0.253816375660435,-0.194270273091531,-0.0651314505185477,0.0156739746858487,-0.0784712614857361,0.30814540314676,0.0429234095279743,0.207701188904909,0.0417897122711344,-0.250730276520418,0.0168932989230948,-0.0769231515600856,0.310084068731232,1,0.0402058136198675],[-0.195866006470866,0.0177694564092798,-0.0248880814856196,0.133147578454026,-0.0618222186945481,-0.0792907752389707,-0.123190715333224,-0.130230537221142,-0.0067642330423307,-0.0712082411629195,0.0141680726626803,-0.0629247505379093,-0.0804064521887884,-0.124923212688301,0.0402058136198675,1]],"container":"<table class=\"display\">\n  <thead>\n    <tr>\n      <th> <\/th>\n      <th>TARGET_WINS<\/th>\n      <th>BATTING_H<\/th>\n      <th>BATTING_2B<\/th>\n      <th>BATTING_3B<\/th>\n      <th>BATTING_HR<\/th>\n      <th>BATTING_BB<\/th>\n      <th>BATTING_SO<\/th>\n      <th>BASERUN_SB<\/th>\n      <th>BASERUN_CS<\/th>\n      <th>BATTING_HBP<\/th>\n      <th>PITCHING_H<\/th>\n      <th>PITCHING_HR<\/th>\n      <th>PITCHING_BB<\/th>\n      <th>PITCHING_SO<\/th>\n      <th>FIELDING_E<\/th>\n      <th>FIELDING_DP<\/th>\n    <\/tr>\n  <\/thead>\n<\/table>","options":{"pagelength":5,"columnDefs":[{"className":"dt-right","targets":[1,2,3,4,5,6,7,8,9,10,11,12,13,14,15,16]},{"orderable":false,"targets":0}],"order":[],"autoWidth":false,"orderClasses":false}},"evals":[],"jsHooks":[]}</script>
<!-- htmlwidget-sizing-policy-base64 PHNjcmlwdCB0eXBlPSJhcHBsaWNhdGlvbi9odG1sd2lkZ2V0LXNpemluZyIgZGF0YS1mb3I9Imh0bWx3aWRnZXQtZGQ3ZmE5ZjQyNTc0YTdmZGM5NzIiPnsidmlld2VyIjp7IndpZHRoIjoiYXV0byIsImhlaWdodCI6MzUwLCJwYWRkaW5nIjoxNSwiZmlsbCI6dHJ1ZX0sImJyb3dzZXIiOnsid2lkdGgiOiJhdXRvIiwiaGVpZ2h0Ijo1MDAsInBhZGRpbmciOjQwLCJmaWxsIjpmYWxzZX19PC9zY3JpcHQ+ -->
</body>
</html>
